149.12189392876468
124.95757309193674
177.08581729534365
101.26130945137609
159.8166016077961
155.37598640489873
179.52604932671372
133.17467915136743
113.79280169533948
131.45692519367748
152.3154718024954
197.59637169366175
131.48740459443235
118.0516577801614
168.96648020510926
102.37528472061088
100.76313285037286
181.92164834637506
121.75740255472195
156.24183212643945
111.82986658608067
159.00622767084383
139.91695173949938
174.4375097340494
107.14940264623448
131.0607617852349
114.05241267763077
183.29019057665622
101.65162148057757
116.08444867203318
104.51859295612553
168.998808739961
140.77449898331335
110.73040732051844
144.88216430685932
151.67805183074765
188.1667399292096
182.42173842820432
186.60467336102886
152.81585869109873
155.29747599421123
195.2088129907307
157.31392893090813
162.90733968099534
126.46290003132309
148.73945389141105
143.84897560325658
176.01482791727386
112.82290706089346
115.50993790085268
117.81209288060049
153.28008844958032
148.97994442501624
122.0608906335425
163.0333848394466
118.09008079029344
197.80489479492388
103.51324208964085
153.21081803113438
129.62146536412237
126.10197542203201
192.38410279301115
101.1523423539772
185.85249110823383
132.37672814662122
175.53850834377715
121.07398556489733
133.0335581890286
114.02740092067535
158.6403774294588
116.96390521375596
185.1884169535144
187.6856553271234
101.39703548162474
138.18629139508246
100.07545649533263
123.67682020235276
154.59913109398892
166.12975345059198
138.07402972620474
179.1998910689931
103.4385490147553
151.97690020988196
157.04024743759646
100.47395206626273
122.28328684760186
134.9765539191528
179.93846921129943
170.29230007371734
146.27080823285857
189.17543327998652
139.14270102742887
146.08356957435183
118.66729204981525
114.53261994531444
173.1683898411839
157.56095230025312
176.56626884847222
134.81408601598804
162.05817884732795
171.07958840099013
150.66156354013785
115.03482603624494
186.79572061968395
131.84153066648707
197.97360822569993
121.31570848457402
129.38723562946512
121.25861812565766
189.25950985027083
112.46401665188256
105.43282830381136
171.6088391860648
178.43058447830907
128.18875696614114
170.85270439264121
135.83501526224276
166.01534472051515
102.56725046523091
152.5240357222469
184.66081636045044
146.6064026986488
136.99941680620043
129.49927935046307
111.75032658866509
112.40929237937283
148.16621438131014
121.98117814508464
180.56122053560506
131.28412520359348
177.56979787374527
138.39169211960203
143.06407133958427
117.56885833643504
182.76785087296975
185.5751746169832
186.65614116791414
181.45035994638275
122.80756197134706
141.44623876736793
179.6247242688744
157.9709096267562
104.70709290757307
113.15939537685273
119.85622182078326
120.13749171990634
103.07606194883981
140.96426492950633
158.89429373654525
135.44051703396542
125.06610569784641
107.37659563965236
143.76429792355557
128.3782962744809
161.75036074479618
128.44689603506836
115.3553179049665
197.5883854230103
106.43749848722555
199.37104097520677
124.08925237250308
115.03083561320706
123.27138490632576
121.42085735889694
103.42874179181725
165.9046603053382
137.1710132011233
149.369450074992
138.6926018534735
188.5371297349148
153.7850922780312
126.86082687004654
182.26402352558057
135.5396687206881
194.89327948609287
177.4966069236085
174.3893609507843
127.07155540739265
133.53635100331707
130.52732637404856
184.81659991885533
175.3121916108745
168.48778550516997
173.79777230709968
175.24265066099196
177.80408854286316
164.33813172710194
167.03815244762336
172.9164455287662
197.44723200518013
197.60541241961997
100.31017034039638
110.86214258245309
170.45379090624647
167.5783098872875
134.44143959919614
139.22997361771945
193.07124162408087
180.83826855508332
143.62079608365823
