300.41940907177644
256.9236315654861
350.7544711316186
214.27035701247698
319.669882894033
311.6767755288177
355.1468887880847
271.71442247246137
236.82704305161107
268.62246534861947
306.1678492444917
387.6734690485912
268.67732826997826
244.49298400429055
336.1396643691967
216.27551249709958
213.37363913067114
359.4589670234751
251.1633245984995
313.235297827591
233.29375985494522
318.2112098075189
283.85051313109886
345.9875175212889
224.86892476322205
267.9093712134228
237.2943428197354
361.9223430379812
214.97291866503963
240.95200760965972
220.13346732102596
336.1978557319298
285.394098169964
231.3147331769332
292.7878957523468
305.0204932953458
370.7001318725773
360.3591291707678
367.888412049852
307.0685456439777
311.5354567895802
383.3758633833153
315.16507207563467
325.23321142579164
259.63322005638156
299.73101700453986
290.9281560858619
348.82669025109294
235.08123270960823
239.9178882215348
244.0617671850809
307.9041592092446
300.16389996502926
251.70960314037652
325.4600927110039
244.5621454225282
388.048810630863
218.32383576135354
307.7794724560419
265.3186376554203
258.98355575965763
378.29138502742006
214.07421623715896
366.5344839948209
270.2781106639182
347.9693150187989
249.9331740168152
271.46040474025153
237.24932165721563
317.55267937302585
242.53502938476075
365.33915051632596
369.83417958882217
214.51466386692454
280.7353245111484
212.13582169159875
254.61827636423496
310.27843596918007
331.03355621106556
280.5332535071685
354.55980392418763
218.18938822655954
305.5584203777875
314.67244538767363
212.8531137192729
252.10991632568334
274.957797054475
355.889244580339
338.52614013269124
295.2874548191454
372.5157799039757
282.456861849372
294.9504252338333
245.60112568966744
238.15871590156598
343.70310171413104
315.60971414045565
349.81928392725
274.6653548287785
323.7047219251903
339.94325912178226
303.19081437224816
239.0626868652409
368.2322971154311
269.3147551996767
388.35249480625987
250.36827527223323
264.89702413303723
250.2655126261838
372.6671177304875
234.4352299733886
221.77909094686046
340.89591053491665
353.1750520609563
262.739762539054
339.5348679067542
276.503027472037
330.8276204969273
216.62105083741565
306.5432643000444
364.3894694488108
295.89152485756784
278.5989502511608
265.09870283083353
233.15058785959715
234.3367262828711
298.69918588635824
251.56612066115235
357.0101969640891
268.31142536646826
351.6256361727415
281.1050458152837
289.5153284112517
243.62394500558307
360.9821315713456
366.03531431056973
367.9810541022455
358.61064790348894
253.0536115484247
286.60322978126226
355.3245036839739
316.34763732816117
220.47276723363154
235.68691167833492
247.74119927740986
248.24748509583142
217.53691150791167
285.7356768731114
318.0097287257815
275.7929306611378
257.11899025612354
225.27787215137425
290.7757362624
263.08093329406563
323.15064934063315
263.204412863123
239.6395722289397
387.65909376141855
223.587497277006
390.8678737553722
255.36065427050556
239.0555041037727
253.88849283138637
250.5575432460145
218.17173522527105
330.6283885496088
278.90782376202196
300.8650101349856
281.6466833362523
371.36683352284666
308.81316610045616
260.34948836608373
360.07524234604506
275.97140369723854
382.80790307496716
351.49389246249535
345.90084971141175
260.7287997333068
272.36543180597073
266.9491874732874
364.6698798539396
347.5619448995741
335.27801390930597
344.8359901527794
347.43677118978553
352.04735937715367
327.8086371087835
332.6686744057221
343.24960195177914
387.40501760932426
387.68974235531596
212.5583066127135
231.55185664841557
338.81682363124366
333.6409577971175
273.99459127855306
282.61395251189504
379.52823492334556
357.50888339914997
290.5174329505848
